595
1247
2801
-1
-1
8540
9596
9685
-1
7408
-1
5871
2865
-1
-1
-1
-1
-1
3502
993
5295
3608
5333
6266
-1
7387
809
-1
-1
4645
9142
-1
-1
-1
-1
-1
5968
-1
5524
-1
1871
8274
-1
-1
-1
-1
6086
2928
-1
-1
-1
9941
3597
7517
982
7058
-1
-1
-1
5844
-1
-1
-1
-1
1740
8316
5478
-1
-1
4323
-1
7223
-1
-1
-1
-1
-1
6851
2743
-1
-1
-1
8047
4709
-1
-1
-1
155
-1
-1
839
2433
-1
-1
-1
863
4233
8029
-1
-1
-1
-1
9296
-1
3207
5395
4959
-1
4611
7699
-1
9992
3362
182
-1
-1
5329
-1
1346
4719
-1
-1
1490
-1
8793
5363
63
9165
5402
-1
-1
5650
9960
-1
16
5440
3549
2634
8340
-1
-1
-1
7546
-1
-1
-1
-1
-1
-1
3770
4565
5562
1788
-1
-1
-1
-1
3190
9036
-1
-1
3672
6632
-1
-1
9354
918
-1
5986
786
-1
4979
-1
7489
2795
-1
-1
-1
2601
-1
-1
-1
5078
-1
8001
-1
-1
1672
6138
889
3863
-1
-1
6596
-1
-1
-1
322
4817
-1
3801
1085
-1
8260
6979
-1
9018
-1
-1
-1
2069
-1
-1
452
7118
1427
-1
4481
-1
4066
6929
-1
7253
9617
-1
-1
-1
-1
-1
1026
-1
2565
-1
8190
-1
-1
3189
-1
-1
-1
-1
-1
5577
-1
-1
2940
-1
1673
-1
2973
-1
-1
7513
-1
-1
434
3535
7949
-1
8613
6722
-1
-1
6093
8907
-1
-1
-1
-1
-1
443
2682
841
6354
-1
2813
4680
-1
5060
-1
-1
2427
-1
1745
-1
1330
8205
6143
-1
-1
-1
-1
2360
-1
7411
-1
-1
-1
-1
-1
-1
9143
1039
256
2534
-1
-1
-1
-1
2751
-1
-1
-1
9874
1731
-1
39
-1
6115
3334
-1
9275
5206
2740
3890
3335
7604
-1
8705
4357
831
-1
-1
-1
2385
2100
-1
2106
8600
-1
-1
-1
-1
7075
9792
1276
8524
-1
-1
-1
7130
6554
-1
9303
5337
4075
2619
-1
-1
-1
-1
-1
-1
3251
-1
-1
-1
-1
-1
1249
-1
5751
-1
805
-1
6145
8331
-1
1544
8626
-1
-1
6873
1518
-1
-1
955
3144
-1
-1
2651
-1
-1
995
-1
8282
5223
3453
6741
-1
-1
-1
8034
-1
4456
6648
2365
-1
3321
4617
-1
-1
7427
213
3884
-1
9451
6361
-1
-1
5626
-1
2873
-1
-1
8355
-1
-1
5746
6421
5336
-1
-1
5946
301
-1
9279
-1
-1
-1
-1
-1
-1
6575
-1
4933
-1
638
-1
-1
7530
2754
-1
-1
6377
5028
-1
7923
2769
-1
-1
962
4731
-1
2742
8831
-1
-1
-1
6346
7434
-1
-1
-1
2978
-1
1136
2445
-1
8926
7068
9493
-1
132
6217
-1
2276
6586
-1
4072
7017
-1
-1
7292
-1
-1
-1
-1
-1
6007
4029
-1
3684
-1
-1
-1
-1
-1
-1
2439
-1
5889
-1
1461
-1
-1
-1
6823
-1
-1
8280
1918
817
-1
-1
-1
-1
-1
7302
1947
-1
-1
5616
5229
-1
82
-1
8305
8878
-1
6525
7954
7798
-1
8138
6419
2690
7844
-1
-1
2274
-1
9205
-1
8516
9435
5703
-1
8586
-1
2465
7922
-1
-1
-1
-1
-1
8208
8154
-1
1378
8106
4819
600
611
-1
3837
2377
-1
3299
-1
7945
-1
-1
-1
-1
-1
-1
351
6137
6975
4993
-1
2282
-1
-1
3160
-1
-1
-1
-1
4452
-1
4881
-1
-1
4324
8933
1480
-1
4967
-1
-1
-1
4540
2643
-1
7825
-1
6359
3665
-1
3879
-1
-1
849
-1
-1
-1
-1
1855
9996
-1
6091
-1
-1
5498
127
-1
2181
-1
-1
-1
3860
-1
-1
-1
-1
-1
7176
-1
-1
2753
1173
603
5773
-1
4592
-1
9841
-1
-1
-1
4577
-1
534
7002
-1
6921
-1
-1
-1
-1
8957
9110
7964
4008
3854
-1
-1
1322
5691
6848
1512
-1
-1
3011
-1
-1
-1
7646
948
5817
8027
3076
6229
-1
-1
2511
2584
5551
-1
-1
-1
-1
-1
-1
2694
-1
4957
8994
9300
6777
3775
4268
-1
-1
-1
-1
-1
3717
-1
8826
-1
-1
-1
5140
-1
-1
-1
4560
-1
3511
1135
5401
5523
6509
9019
4314
-1
5664
-1
-1
9519
-1
5681
-1
-1
-1
-1
-1
7282
-1
-1
9615
-1
3851
-1
4884
4355
3126
-1
-1
464
-1
-1
1448
-1
5731
276
-1
-1
-1
-1
-1
2794
-1
-1
6720
-1
-1
8919
-1
-1
2790
-1
9346
1059
-1
985
-1
-1
4196
9235
-1
-1
776
-1
-1
8264
4910
-1
2
9240
6923
-1
-1
-1
-1
-1
7706
6550
3194
4700
-1
2041
7860
3954
-1
-1
509
4178
-1
9923
-1
572
-1
2370
7213
4908
3544
-1
148
-1
-1
5287
923
-1
-1
8903
8815
-1
7009
5296
-1
-1
-1
-1
6775
-1
-1
-1
-1
-1
9824
8178
-1
-1
-1
9092
1045
-1
-1
1519
7477
5665
3915
-1
-1
9692
6456
6432
-1
429
9809
-1
1853
8229
538
8070
9152
-1
-1
4562
-1
6760
-1
-1
-1
-1
-1
2509
-1
-1
-1
422
-1
-1
1083
7638
-1
8267
-1
-1
4610
-1
-1
4701
210
-1
2297
4548
9056
4932
1727
6315
-1
4407
-1
-1
1928
-1
-1
7354
9613
-1
9023
6235
-1
7519
-1
-1
2380
-1
2960
1988
-1
3633
8753
2791
1809
-1
973
-1
-1
6212
-1
5412
7770
-1
-1
-1
5870
-1
-1
6820
4091
7152
7431
-1
-1
9144
-1
4570
2019
-1
-1
-1
-1
-1
-1
-1
6836
-1
-1
9200
2116
8449
2246
-1
-1
-1
-1
-1
-1
-1
-1
-1
-1
9148
8270
-1
-1
4295
-1
3348
-1
1886
-1
-1
-1
5483
3937
-1
-1
1267
1371
9624
4224
-1
-1
5945
-1
7412
-1
-1
-1
8889
-1
1096
2404
-1
5769
-1
-1
2764
2955
-1
-1
-1
-1
2504
-1
-1
8623
8490
-1
6770
-1
475
6012
88
-1
-1
8555
4103
-1
3210
9339
5765
6668
-1
4650
5012
3768
-1
-1
-1
-1
-1
6082
-1
9001
878
6287
-1
-1
-1
-1
1081
8284
-1
7395
2932
3817
128
-1
-1
9749
-1
2372
-1
-1
-1
225
5891
7340
-1
1803
2976
7352
6489
-1
-1
7486
1585
4487
7790
-1
-1
6316
3223
3161
-1
-1
593
-1
8607
120
-1
7046
-1
-1
2235
-1
1680
3635
-1
799
2225
-1
-1
8698
766
6874
3039
-1
6693
-1
9709
8437
5441
-1
-1
-1
-1
9539
873
-1
-1
-1
-1
3720
2689
-1
5829
6584
2827
6192
5023
1678
7102
3690
3183
-1
-1
-1
9580
-1
-1
-1
-1
3677
2805
9626
1010
780
-1
-1
-1
3933
1210
9009
-1
-1
5789
-1
1749
-1
-1
4398
8066
-1
-1
-1
-1
-1
-1
5591
9174
-1
6934
-1
189
-1
-1
-1
-1
-1
-1
974
-1
743
191
-1
1381
2477
-1
8470
-1
4477
7365
9455
-1
3052
-1
1804
-1
1456
-1
-1
67
1193
-1
2646
-1
4031
-1
5638
-1
4236
1
2544
-1
-1
-1
5593
396
-1
5912
427
1449
-1
-1
-1
-1
-1
-1
-1
-1
-1
7852
6314
8682
-1
-1
1599
-1
3329
1422
7364
6480
2620
-1
9340
8864
-1
-1
-1
7355
2478
-1
-1
-1
3951
-1
-1
-1
-1
-1
-1
4410
5022
9486
-1
-1
-1
1842
2876
2461
-1
-1
4755
8157
473
3196
2002
7925
9567
-1
241
8079
-1
-1
-1
7869
-1
2023
8822
3613
-1
6251
5581
2250
7116
2600
-1
-1
6761
6100
3708
1030
-1
1705
-1
467
-1
-1
5373
5826
-1
9265
-1
-1
311
2128
4501
-1
-1
8986
-1
-1
-1
5285
-1
6249
5032
7129
1192
-1
6055
4
1275
8055
5313
8396
9095
-1
7642
-1
-1
7839
-1
5275
-1
-1
6328
5843
8576
6416
-1
-1
-1
-1
9466
-1
-1
-1
-1
7868
1837
-1
7254
886
-1
9706
726
-1
-1
-1
9392
-1
-1
-1
9800
4608
4648
9895
7950
6136
-1
-1
3495
2517
3587
1451
5102
5862
6158
-1
-1
-1
3946
9928
-1
-1
1025
-1
6951
-1
8377
-1
-1
8911
-1
7587
-1
-1
445
3984
-1
-1
6824
9490
1944
-1
5119
-1
6469
4829
-1
-1
-1
9589
8896
8814
130
-1
-1
-1
-1
2327
7637
-1
-1
-1
-1
-1
-1
4848
-1
-1
1069
6858
604
6321
5752
-1
5328
9569
1859
1970
1841
4297
-1
8329
-1
4674
387
-1
-1
5271
5103
-1
-1
-1
5584
8644
-1
9080
-1
-1
-1
3576
-1
-1
-1
-1
-1
8306
2854
3622
-1
-1
9500
3650
-1
920
8073
7786
5357
-1
-1
4016
8295
-1
-1
8771
-1
-1
-1
7884
6911
9710
897
1963
7904
5604
911
6313
7195
2328
-1
-1
4793
5605
7864
-1
-1
-1
788
8959
-1
5449
-1
-1
1535
9586
6072
-1
7345
-1
-1
-1
-1
-1
9321
7371
-1
8913
8977
7952
7144
-1
-1
-1
-1
1288
-1
9579
-1
2848
9524
-1
580
7509
5673
9864
7094
-1
7361
4188
-1
-1
-1
7404
4027
9593
2615
-1
-1
-1
4490
-1
1095
3617
-1
-1
1494
-1
6543
-1
-1
5613
1826
2840
-1
-1
8468
-1
6195
1421
6936
-1
1526
8285
9776
-1
-1
-1
-1
-1
6173
-1
-1
-1
5595
1657
-1
-1
-1
7310
-1
8298
6704
-1
9470
-1
-1
9368
-1
-1
6595
-1
7567
-1
8721
7911
3943
-1
657
-1
2143
3174
-1
2214
2529
4235
8641
-1
8446
-1
-1
4377
8945
-1
-1
-1
7933
8861
-1
-1
678
9814
935
9913
-1
-1
-1
7054
3821
-1
3140
7560
2489
-1
-1
9733
-1
-1
-1
-1
545
-1
5120
-1
-1
-1
6663
5009
5101
8313
4380
1742
1224
-1
5183
658
7780
7993
4067
4792
-1
-1
9868
6919
-1
-1
-1
-1
4041
-1
7266
-1
9719
8614
-1
-1
6476
1209
-1
-1
4052
-1
-1
-1
-1
-1
4251
-1
8904
6160
-1
9153
-1
4134
-1
9440
636
6193
5448
-1
4777
2626
1323
-1
-1
-1
279
4240
-1
-1
-1
-1
411
230
-1
1454
4906
3980
5902
670
-1
-1
-1
9591
8628
-1
5361
9184
-1
9406
-1
-1
1571
-1
-1
-1
4616
919
6431
9428
6232
-1
-1
-1
4503
-1
-1
-1
-1
2051
4101
4511
8659
7084
-1
2256
6043
-1
791
-1
736
9781
2348
-1
-1
1711
2653
5001
-1
9419
4216
-1
-1
-1
4580
9619
3968
5007
5096
-1
-1
6973
-1
-1
-1
-1
6886
-1
1919
7502
-1
-1
-1
2373
8681
-1
-1
413
3021
1562
9859
6353
7644
-1
-1
-1
1856
1013
8816
2233
1185
5277
-1
-1
-1
1428
-1
-1
41
9261
5729
6255
4026
1409
7441
-1
-1
8110
-1
8506
2145
6500
4999
-1
8176
-1
9879
-1
-1
4275
8591
9575
-1
6323
5193
8324
1041
2563
7544
-1
-1
3405
-1
-1
661
42
-1
6618
6338
-1
-1
8227
-1
40
2891
-1
-1
-1
5095
-1
937
-1
4448
6620
8125
-1
4537
-1
-1
8051
7631
-1
4524
1701
9128
-1
-1
1575
-1
2146
801
2240
-1
-1
2046
642
-1
4023
8293
-1
-1
-1
-1
4678
-1
-1
-1
-1
-1
-1
-1
3478
-1
-1
-1
156
-1
-1
-1
-1
-1
-1
7117
5656
-1
-1
-1
2290
-1
-1
2247
-1
-1
-1
8595
-1
7591
-1
166
-1
-1
-1
-1
-1
-1
-1
-1
-1
6468
-1
-1
8824
-1
5532
-1
-1
-1
-1
-1
-1
505
-1
-1
-1
-1
323
4781
-1
7650
-1
-1
-1
7160
2937
-1
6176
-1
637
-1
-1
2673
-1
-1
2307
-1
-1
2505
-1
2220
-1
-1
9026
9029
-1
7896
-1
4426
-1
-1
9677
-1
3417
5869
-1
-1
-1
5321
-1
-1
3372
-1
-1
-1
5006
5203
562
-1
31
-1
8717
2322
147
-1
3261
1274
-1
907
3924
62
-1
-1
3374
-1
4978
9854
-1
-1
-1
1333
-1
-1
3333
-1
1123
-1
-1
6749
6695
3715
6896
-1
-1
-1
3439
9043
-1
-1
2004
-1
-1
7260
-1
8231
-1
4929
5845
8169
2082
-1
-1
6447
-1
4331
-1
6643
-1
5742
-1
-1
2381
8683
5258
-1
-1
9332
4787
4154
-1
-1
-1
9936
-1
-1
-1
-1
1012
7930
6745
-1
-1
-1
-1
7539
7370
-1
109
-1
-1
8481
5267
-1
-1
-1
2005
-1
-1
7000
-1
-1
-1
-1
3780
-1
7034
2608
-1
6424
-1
8869
7059
-1
-1
7665
-1
-1
4164
-1
3866
-1
-1
-1
-1
3479
6709
-1
-1
-1
5058
-1
9410
-1
-1
1062
-1
1014
7714
-1
4182
4122
3733
-1
4361
-1
495
9931
5646
9274
5973
7171
-1
-1
-1
2744
9316
2981
3747
-1
6971
-1
1554
7183
-1
-1
-1
8849
3674
-1
-1
6061
1930
-1
-1
-1
7042
-1
5689
-1
-1
5367
1739
6006
4203
-1
-1
8141
8457
-1
-1
-1
2597
-1
-1
9947
-1
6887
8636
-1
1613
-1
-1
-1
-1
4032
2839
1884
672
-1
6417
5331
3312
4588
-1
7142
-1
-1
-1
-1
4812
-1
6363
4635
-1
-1
859
8811
3940
-1
-1
6573
6320
7579
-1
-1
-1
-1
5724
2313
-1
9819
1655
6189
9209
7216
719
-1
-1
5930
7657
-1
-1
1661
1952
6566
6826
2778
-1
-1
4043
3847
5995
2536
-1
9509
-1
-1
6268
54
-1
-1
-1
-1
-1
-1
-1
5017
6574
-1
-1
-1
8247
-1
5635
3000
-1
-1
-1
-1
-1
9444
-1
3046
-1
-1
-1
-1
-1
-1
8025
9178
-1
-1
-1
-1
9658
-1
-1
-1
423
-1
9246
7114
1320
-1
-1
-1
-1
-1
6816
6436
5259
-1
3554
5474
-1
-1
-1
4159
-1
6324
1589
-1
-1
3045
-1
-1
-1
-1
-1
6601
-1
4390
9757
-1
5948
926
5445
-1
-1
6054
-1
3419
5579
5907
8350
1824
-1
336
2072
8320
-1
5105
543
2912
1114
9478
-1
-1
-1
231
8430
81
-1
7595
6583
1683
-1
-1
444
6130
-1
-1
3093
-1
7446
9900
8226
7325
1038
-1
1028
-1
9542
4167
-1
1649
-1
-1
2588
-1
-1
3559
1402
115
-1
-1
8655
-1
-1
6888
3090
-1
-1
3058
3537
-1
6899
1829
9341
-1
3710
-1
3343
-1
-1
-1
2117
-1
605
8158
7592
5037
7080
-1
1936
4461
-1
-1
628
2546
2686
-1
-1
2671
-1
9253
6046
5241
4749
-1
-1
-1
-1
-1
-1
4427
-1
-1
-1
7211
1070
-1
9912
7755
-1
5558
-1
-1
-1
2036
-1
-1
4745
-1
1100
-1
9277
3057
9476
486
-1
6752
-1
-1
-1
-1
2095
-1
9052
-1
2394
828
-1
-1
5428
-1
6220
-1
-1
-1
1943
-1
3713
-1
9766
7832
-1
-1
-1
-1
-1
5071
-1
-1
692
-1
1248
-1
5540
8074
3807
5144
-1
8564
-1
-1
-1
561
5417
4655
-1
6669
90
9678
-1
-1
7965
7215
7742
-1
8183
3967
119
1968
2513
3656
201
1785
-1
-1
-1
7158
5887
-1
3373
-1
-1
9256
3989
9396
-1
7065
7138
8922
-1
-1
-1
-1
5634
-1
1956
2311
-1
9958
-1
-1
3271
-1
-1
-1
2587
-1
-1
3025
1574
-1
-1
2971
3519
-1
-1
5076
2545
-1
-1
-1
-1
-1
3468
-1
5760
9015
-1
-1
-1
3201
-1
-1
-1
-1
-1
-1
-1
5158
-1
-1
9154
-1
9991
1516
68
-1
7495
-1
2770
-1
-1
2872
5938
2454
-1
-1
-1
-1
-1
6661
9568
-1
8452
1047
-1
6890
2558
9705
698
7012
7148
3301
8820
2054
-1
377
5375
-1
6358
6829
9918
-1
360
3812
7137
7906
6883
-1
-1
-1
3204
-1
-1
6095
219
6513
3231
3305
-1
-1
7196
7433
6293
-1
4692
3441
4174
-1
-1
-1
-1
4636
-1
1774
-1
-1
-1
-1
8036
-1
-1
-1
925
-1
-1
3852
8307
-1
-1
4764
-1
8962
-1
7641
-1
7585
8637
-1
1206
6853
-1
-1
7885
-1
2130
-1
7955
-1
-1
-1
-1
-1
9578
-1
5849
-1
-1
-1
-1
-1
-1
7878
-1
2034
3911
-1
4833
-1
-1
7625
-1
8067
3728
-1
8478
2490
-1
8583
5663
1294
8015
-1
1734
6356
7163
-1
3075
-1
-1
8769
-1
-1
8578
3245
-1
8022
-1
-1
6877
5121
26
-1
-1
-1
8020
-1
3793
-1
-1
-1
5768
-1
3238
-1
2366
-1
-1
-1
-1
9687
-1
1748
1903
-1
-1
-1
3106
5734
-1
6651
659
4809
-1
-1
-1
6514
9118
9697
-1
-1
116
5215
6527
-1
-1
3670
515
-1
7256
4085
-1
-1
-1
5350
-1
-1
-1
2084
5811
2481
-1
-1
-1
-1
8302
1827
2443
8782
1724
8498
-1
4126
8920
-1
-1
1834
8082
4818
6986
-1
-1
7200
3342
-1
-1
-1
-1
-1
20
-1
-1
3446
-1
-1
3403
5166
5008
-1
-1
-1
11
-1
-1
2266
-1
-1
-1
6724
-1
-1
2695
8021
-1
-1
4409
-1
4742
-1
3673
9258
-1
8466
6638
9655
-1
2493
6814
-1
624
2248
-1
2502
139
-1
1398
1017
-1
1383
390
996
-1
7485
-1
-1
9147
-1
-1
-1
-1
4396
1629
-1
-1
-1
2392
5530
9518
-1
6857
2258
3545
9432
-1
651
-1
3718
7556
319
556
5447
-1
-1
-1
-1
9480
4763
-1
-1
-1
-1
-1
-1
-1
9628
8474
2575
5476
-1
-1
679
-1
-1
793
-1
5680
7976
-1
-1
1991
-1
-1
-1
-1
-1
-1
-1
1131
-1
-1
-1
3567
-1
9829
3962
1110
-1
842
-1
2177
4248
7783
-1
-1
-1
-1
6285
3356
-1
-1
731
-1
-1
-1
-1
-1
4120
2938
-1
-1
-1
98
-1
-1
8625
4898
3517
179
6322
-1
5179
3095
-1
-1
-1
862
-1
-1
-1
2814
6327
-1
-1
5904
9652
-1
7799
-1
6242
697
-1
-1
-1
-1
-1
-1
7461
-1
4802
5608
-1
5431
-1
-1
5675
6570
-1
-1
8000
-1
5323
-1
1181
3407
-1
-1
-1
-1
-1
-1
-1
50
-1
7615
-1
7493
-1
-1
-1
-1
6451
-1
-1
-1
-1
-1
-1
-1
4258
-1
-1
-1
3117
7003
-1
6483
-1
2499
1993
-1
8367
2345
4079
-1
165
8259
-1
7614
8203
2582
4950
8165
-1
3168
2724
-1
1578
9782
3640
9795
-1
8458
4237
-1
8009
3483
1782
-1
9186
1499
8024
2242
-1
8187
-1
-1
9064
-1
4054
-1
209
-1
-1
-1
-1
9325
9564
8060
5191
-1
912
-1
-1
-1
-1
2053
-1
8372
1252
-1
-1
9373
6764
-1
-1
-1
-1
-1
-1
-1
-1
7794
-1
1397
-1
-1
7096
1235
-1
-1
-1
453
-1
3427
-1
5234
5594
2120
1820
4590
997
6528
9860
-1
745
-1
-1
6843
6226
6872
-1
-1
136
-1
2799
7188
5405
2033
-1
-1
-1
-1
8715
-1
9969
5834
-1
7131
7462
-1
5563
-1
-1
140
6407
623
-1
465
4779
6607
4832
4195
2334
3805
-1
-1
2612
4132
-1
-1
-1
-1
4299
9985
-1
1951
1266
-1
1925
6765
7645
3734
2171
9446
9837
8944
9157
-1
1099
-1
-1
7611
-1
5270
7419
1864
-1
-1
4108
-1
-1
1310
-1
-1
-1
-1
-1
-1
-1
-1
2080
2810
5450
4504
4457
7990
-1
2155
-1
-1
7772
9973
-1
-1
-1
-1
-1
-1
-1
8960
7072
6905
7840
4153
-1
-1
-1
-1
8065
-1
7730
8061
-1
-1
5900
6031
-1
-1
-1
-1
2265
-1
1520
2464
187
7251
-1
1694
-1
-1
5776
-1
-1
7909
7274
-1
-1
3815
-1
4238
1373
-1
-1
5224
-1
-1
5000
8103
5958
-1
288
6394
5839
-1
-1
1845
-1
-1
-1
-1
2359
-1
-1
6997
9799
6386
-1
-1
-1
-1
4404
7817
-1
-1
-1
-1
-1
-1
-1
8132
-1
-1
-1
-1
6009
-1
-1
-1
4082
1111
-1
-1
8917
2507
621
-1
3799
4330
8102
-1
204
-1
-1
-1
-1
-1
9530
-1
-1
-1
-1
-1
943
-1
-1
9610
7393
8893
-1
-1
-1
-1
-1
-1
-1
3418
8756
-1
-1
-1
-1
-1
7331
417
4825
4788
-1
3577
2816
-1
-1
-1
-1
-1
1715
4837
7455
2160
4536
-1
-1
-1
9411
9115
5202
3586
133
-1
9728
740
9511
5518
1372
3678
-1
4060
-1
-1
8652
-1
-1
4618
-1
3019
9583
9811
1546
-1
3602
6140
9588
8993
-1
6989
-1
-1
-1
-1
9060
-1
-1
9483
-1
-1
-1
-1
5526
-1
-1
6237
-1
7205
-1
992
-1
-1
-1
718
-1
-1
5436
-1
9643
-1
-1
4600
-1
5451
-1
-1
-1
-1
3357
392
592
-1
9505
-1
-1
-1
-1
-1
-1
-1
5218
5305
-1
-1
9232
-1
4620
-1
-1
-1
5019
-1
4885
4782
-1
5531
-1
-1
-1
-1
9326
-1
8965
-1
6797
-1
-1
-1
8485
1671
-1
-1
-1
-1
-1
-1
-1
-1
-1
756
8081
-1
-1
-1
7049
-1
-1
-1
3445
-1
1124
3581
-1
6371
-1
3422
-1
-1
6155
-1
-1
5453
9285
4735
1231
-1
-1
3926
5565
-1
3882
9033
1529
6756
7543
9620
-1
6792
-1
-1
511
-1
27
-1
-1
6534
645
3013
8781
-1
-1
-1
9780
-1
1318
-1
728
-1
3748
8380
5571
986
-1
-1
-1
8407
3254
-1
-1
9910
2704
-1
-1
4084
-1
-1
7858
-1
3055
8448
3215
-1
6540
-1
6275
-1
-1
-1
7973
2503
52
4138
-1
-1
3875
-1
6683
9885
9840
-1
2610
-1
-1
-1
-1
-1
-1
-1
2644
5836
-1
3328
-1
-1
4771
7442
-1
-1
-1
-1
-1
-1
764
261
6719
-1
2596
-1
-1
3789
4912
6448
-1
1721
2339
6810
-1
6308
13
8258
-1
-1
4747
3811
8243
3598
8215
-1
-1
-1
-1
-1
1162
7648
-1
-1
-1
-1
8764
8775
9264
-1
7121
-1
9241
5714
9726
1601
-1
-1
-1
5775
-1
-1
9816
9656
-1
9002
-1
-1
-1
-1
-1
-1
7855
1892
6181
-1
1355
-1
7944
-1
-1
-1
-1
7312
1079
-1
-1
9385
4796
-1
-1
9131
8956
-1
5863
-1
7616
6375
1112
-1
-1
-1
2585
2783
5190
-1
-1
-1
-1
-1
8335
-1
8343
4372
7634
8385
-1
6107
-1
-1
-1
6881
-1
-1
7995
6392
-1
-1
8356
-1
2480
-1
6057
9359
6667
8357
-1
5705
4789
-1
-1
-1
-1
6257
-1
3153
1121
-1
-1
-1
4176
2204
4392
2616
-1
-1
4911
-1
5931
-1
-1
9055
9134
4322
188
-1
8541
5936
550
-1
-1
4773
-1
9632
6380
7891
-1
5469
9244
-1
7011
-1
6518
8599
7630
9796
-1
2167
7934
273
9071
-1
4575
5282
-1
8241
2593
-1
-1
-1
-1
5067
-1
-1
-1
-1
5293
211
-1
-1
-1
9875
1799
8649
2376
-1
-1
4365
-1
8888
-1
-1
-1
-1
6070
-1
1762
-1
-1
2421
-1
9775
9676
2402
2510
1313
-1
2935
-1
-1
-1
-1
7532
-1
-1
6434
-1
6441
7709
2591
1281
3156
-1
-1
-1
75
711
-1
-1
259
-1
-1
-1
3186
-1
2369
-1
8876
-1
-1
-1
2418
2003
-1
-1
7259
2721
5708
7924
-1
5034
-1
-1
-1
-1
5830
5262
-1
1032
5678
-1
568
447
1477
7452
-1
541
8181
-1
-1
5151
283
7330
-1
2032
8044
-1
-1
-1
-1
-1
7661
-1
5112
-1
7283
-1
-1
-1
3921
-1
3198
-1
5002
705
9400
-1
4940
-1
-1
9059
-1
9259
-1
6121
-1
-1
890
7581
287
8603
-1
-1
-1
-1
-1
4197
-1
-1
7793
7109
-1
-1
3361
9306
-1
-1
2091
7091
-1
5587
-1
3063
5409
-1
6926
-1
-1
1550
-1
-1
-1
-1
9477
-1
4824
-1
160
7688
-1
-1
-1
-1
-1
-1
-1
-1
583
-1
-1
6104
-1
405
-1
9625
-1
8787
1860
2614
-1
7516
8248
-1
-1
1405
2822
-1
1730
3902
2741
-1
-1
-1
500
7800
8851
7098
1465
4287
-1
6594
-1
-1
-1
984
6677
5467
-1
-1
4517
3550
987
-1
-1
-1
-1
1604
9047
370
5125
3474
1334
-1
-1
-1
-1
-1
-1
-1
5764
-1
5622
439
1650
-1
2823
6688
8398
9803
-1
8517
1607
502
7089
846
110
630
7745
-1
-1
-1
-1
2569
4976
702
-1
-1
1997
7907
6157
-1
3538
-1
-1
6039
-1
-1
546
-1
-1
-1
-1
-1
5157
5372
3396
4766
4339
6922
1295
4561
-1
-1
1348
-1
-1
3605
-1
1057
-1
3599
4156
5489
7967
-1
7088
5771
3175
3085
7743
4520
-1
3120
-1
5033
8420
526
-1
-1
-1
6273
8915
1611
-1
-1
4046
-1
7722
-1
-1
-1
5960
727
7193
-1
-1
-1
-1
-1
-1
7397
4459
-1
5170
2636
1215
1910
3795
-1
-1
7316
-1
-1
2834
220
-1
-1
-1
-1
-1
-1
-1
7888
-1
6318
6078
1710
3796
8566
-1
2776
-1
8646
-1
8773
-1
8332
6937
-1
4843
8969
-1
-1
5043
7229
-1
-1
-1
2676
-1
-1
-1
-1
-1
3653
-1
8007
8570
7179
6684
-1
989
-1
9075
7676
-1
6233
-1
-1
3134
7162
-1
4604
-1
5580
-1
-1
5850
598
1752
-1
9955
142
3392
-1
9893
9585
9378
-1
4721
2356
-1
-1
-1
1537
-1
-1
-1
-1
9815
-1
4578
-1
-1
-1
4137
-1
4017
-1
-1
7018
3774
-1
5
8010
9894
-1
-1
-1
-1
-1
3753
8684
-1
-1
5880
-1
4706
-1
5239
8397
-1
12
2442
3121
5051
-1
-1
-1
6759
-1
4732
1312
7972
-1
-1
-1
6650
7947
2050
9350
3318
-1
-1
-1
5832
491
-1
7423
94
5806
-1
5324
-1
8219
-1
693
-1
2104
-1
-1
-1
-1
6671
860
1660
6367
-1
6151
8414
-1
-1
-1
7343
-1
-1
7178
-1
-1
5905
2094
1437
-1
-1
-1
6716
3026
-1
9141
350
-1
9381
4186
-1
1183
2656
-1
1478
-1
-1
-1
-1
9747
1203
1662
-1
8722
-1
815
-1
4189
5920
-1
4476
-1
-1
5111
-1
8107
6793
-1
-1
8807
175
-1
9949
7269
3838
-1
2945
-1
-1
1444
6985
8850
2331
-1
9633
-1
-1
-1
2090
-1
-1
-1
-1
-1
-1
-1
-1
-1
-1
4527
-1
-1
-1
1388
-1
1165
-1
-1
-1
4346
-1
5710
64
730
8766
1022
-1
-1
-1
1665
9366
3464
8622
5423
2021
2737
-1
-1
3530
-1
2739
2400
-1
-1
6977
4191
1521
-1
-1
389
-1
-1
5763
9849
881
-1
-1
-1
5075
7265
-1
8925
-1
198
-1
1766
7218
5842
-1
-1
-1
3109
1191
-1
6515
5418
4269
-1
9698
-1
-1
-1
9865
-1
-1
-1
9954
9216
3206
-1
-1
694
2417
-1
8139
-1
-1
-1
-1
-1
-1
4276
-1
-1
2950
9351
-1
-1
3056
-1
7263
-1
1982
8981
-1
-1
-1
8147
-1
-1
8451
3969
3676
5641
7870
4953
-1
-1
-1
-1
2664
-1
8770
-1
-1
8784
3932
7120
-1
8312
-1
-1
957
-1
-1
-1
-1
9283
299
-1
-1
-1
-1
-1
7390
-1
4397
-1
-1
-1
5377
2275
-1
5972
773
-1
5407
6821
-1
-1
1102
1593
-1
-1
5520
2750
-1
-1
-1
4675
6962
-1
-1
-1
-1
5723
-1
-1
-1
7392
1808
-1
2283
-1
2735
5369
8083
-1
1208
770
-1
-1
9273
822
4484
2208
-1
-1
-1
-1
5334
2157
8796
-1
9748
-1
6592
-1
-1
625
-1
5289
-1
-1
-1
-1
-1
-1
303
-1
-1
-1
-1
2920
309
-1
5896
5786
-1
1980
-1
1186
2519
1898
9037
-1
-1
-1
9720
2906
2291
9545
-1
1530
-1
-1
1442
1362
7928
-1
1016
9554
-1
8254
-1
-1
-1
4531
7482
9605
7596
7153
6403
-1
-1
-1
7159
9937
-1
4050
-1
-1
2868
-1
5872
4368
8477
-1
4518
7069
7484
1357
5268
-1
-1
-1
5307
9257
7629
-1
5109
1549
-1
-1
-1
7998
-1
3573
-1
-1
2435
4210
7280
3688
312
-1
2815
-1
-1
-1
-1
4385
5499
-1
-1
-1
-1
3378
-1
-1
-1
4683
-1
-1
1138
-1
-1
9745
9495
4418
-1
-1
-1
-1
-1
-1
-1
-1
-1
5711
8909
-1
9540
2603
4500
-1
-1
5225
5735
7975
5382
1089
-1
-1
-1
-1
-1
4086
-1
-1
532
79
-1
5048
-1
-1
5658
4727
9642
9218
-1
7612
-1
-1
-1
3250
-1
-1
9777
2524
-1
7304
-1
4119
-1
-1
-1
8798
-1
-1
-1
-1
7678
-1
-1
6813
2625
-1
-1
3489
-1
-1
8598
1765
-1
6511
3230
-1
3442
-1
-1
8745
5988
1978
3983
1347
-1
8257
8071
-1
-1
-1
6131
-1
-1
-1
7409
7656
-1
-1
-1
7258
-1
2384
5686
7139
-1
6492
-1
5360
-1
3572
9403
6845
9084
-1
-1
-1
-1
-1
-1
8618
-1
-1
866
2629
6211
-1
2772
-1
258
-1
-1
-1
-1
-1
-1
-1
1584
-1
4847
-1
-1
4768
-1
-1
-1
-1
-1
1447
5555
8371
7402
6023
-1
4862
-1
-1
-1
-1
1497
-1
-1
5947
1144
9732
922
6849
-1
-1
-1
5005
7132
-1
-1
-1
3049
-1
4157
5606
80
8149
7690
5685
-1
1411
-1
-1
-1
3088
-1
2183
4057
344
-1
9611
8239
-1
5371
4244
2016
-1
-1
1973
-1
4711
-1
2863
-1
-1
3978
9623
2362
-1
1202
8346
6944
2173
2467
2672
7367
2853
4260
-1
-1
7156
7023
6312
-1
2364
-1
-1
487
891
4922
2580
-1
3861
7542
-1
-1
8940
3595
-1
-1
-1
4131
-1
-1
3522
-1
3953
3972
-1
-1
5522
0
9342
-1
18
-1
7710
-1
-1
4673
-1
-1
296
-1
6018
-1
-1
1476
-1
1542
5068
581
-1
741
-1
-1
9639
9203
3195
-1
9722
-1
3028
-1
9516
2288
2448
-1
6288
9527
-1
6470
-1
-1
6867
-1
-1
-1
-1
-1
-1
1217
5559
-1
-1
-1
-1
-1
-1
2263
7766
-1
-1
-1
6224
-1
-1
-1
5070
55
-1
-1
-1
6530
-1
9164
8740
480
-1
512
9549
-1
-1
-1
215
3652
-1
7043
-1
8428
7415
-1
6959
5487
-1
-1
4625
8983
-1
-1
-1
-1
5247
8155
-1
-1
-1
1034
-1
-1
7736
-1
9423
7568
1789
1974
7083
7150
1050
237
3428
-1
-1
-1
4589
566
2251
-1
-1
2081
-1
-1
3307
-1
-1
9224
1921
9172
-1
-1
-1
-1
-1
-1
5108
-1
-1
-1
-1
3925
-1
-1
-1
-1
5627
-1
3682
7346
2730
-1
-1
-1
2606
7903
7675
7795
6631
-1
1482
-1
6582
-1
-1
4631
4370
-1
3834
-1
7406
-1
-1
5455
5653
4525
2229
8657
-1
-1
3408
-1
-1
-1
3319
6103
-1
1005
-1
-1
-1
1644
-1
5318
-1
-1
458
-1
6839
5185
-1
3881
5955
2859
3125
-1
35
7927
-1
7169
-1
-1
-1
1048
-1
1965
-1
3705
6332
3380
-1
-1
-1
1612
9409
3772
1207
6165
6106
-1
5240
-1
9774
1240
3626
5651
1385
4021
3827
-1
-1
-1
-1
-1
97
6267
-1
-1
5846
5730
-1
-1
-1
6112
504
5228
-1
-1
895
9427
-1
-1
4919
892
9618
1623
3159
4998
-1
4212
5355
-1
-1
1977
-1
-1
8252
-1
6051
7953
3539
778
-1
8202
5962
6625
-1
1290
-1
-1
6123
-1
-1
-1
7498
2132
1531
-1
6190
6885
-1
8834
8404
3105
4499
-1
2047
2617
3877
-1
-1
-1
9847
-1
7801
-1
-1
-1
-1
-1
-1
-1
2497
-1
-1
-1
8348
-1
-1
-1
-1
-1
5804
-1
7391
-1
-1
1008
-1
-1
8441
-1
2180
-1
2071
9634
6551
843
-1
-1
-1
-1
-1
4754
3236
8647
1169
7230
4150
6707
-1
418
-1
325
-1
4799
2015
5124
2048
-1
3185
-1
-1
4256
1216
7146
1390
-1
-1
4492
4958
-1
915
-1
6635
-1
-1
868
4073
9420
-1
901
2298
-1
-1
4775
3285
8341
-1
-1
-1
2450
9779
-1
-1
834
-1
-1
2413
7221
-1
2134
-1
-1
-1
-1
5446
-1
-1
-1
5671
-1
5719
1263
9136
6498
-1
-1
3514
-1
-1
5353
-1
1481
-1
-1
4814
7561
-1
4677
-1
9843
8847
-1
440
-1
2561
-1
-1
-1
5617
1467
-1
-1
174
6539
2239
2415
7199
-1
-1
3211
2980
2405
5971
-1
-1
4936
2302
4576
3856
9768
5917
-1
-1
-1
-1
-1
-1
8484
8991
-1
-1
-1
2317
-1
6355
7161
7850
3592
2388
-1
5924
4142
5097
-1
-1
4359
2913
-1
2728
-1
-1
-1
-1
-1
6860
-1
-1
-1
-1
2691
-1
1485
913
8366
-1
7854
185
-1
-1
-1
-1
7459
3388
5110
1858
-1
-1
-1
3060
-1
-1
7970
-1
-1
3438
-1
-1
-1
5245
-1
-1
-1
1020
3027
-1
-1
8953
-1
-1
2870
4265
8694
-1
-1
171
397
9382
-1
6970
-1
-1
-1
4563
6687
3155
-1
-1
-1
7372
2470
-1
-1
721
6510
-1
-1
7317
-1
4431
7769
-1
871
7214
6940
-1
9338
-1
-1
-1
8434
51
-1
3421
9328
2781
183
-1
-1
7910
5230
5438
8148
-1
8736
6727
3686
-1
-1
6629
1776
-1
7235
2714
3918
7914
2492
-1
1608
406
1440
7814
1360
-1
9397
-1
5909
4744
1283
3
8897
1545
-1
557
-1
5107
9714
-1
-1
3744
-1
-1
2712
2708
9515
-1
2268
3112
-1
-1
-1
6276
6307
-1
6300
-1
2346
6597
-1
1319
-1
1801
-1
-1
-1
1743
1053
9834
7385
-1
1522
-1
-1
9282
6101
-1
1667
-1
-1
7039
7693
6219
1872
-1
6457
3762
-1
-1
5712
-1
-1
412
2692
-1
2219
-1
2138
-1
-1
-1
3646
218
7510
8112
1468
2553
-1
3971
-1
-1
7651
-1
-1
-1
6439
8985
-1
7538
-1
-1
5400
-1
7997
-1
4261
7752
-1
3042
6769
-1
1337
-1
4207
-1
-1
-1
6411
5154
358
-1
1268
7010
121
1226
-1
-1
2851
7296
-1
-1
4707
6781
749
3233
3322
-1
-1
-1
8830
-1
-1
-1
8531
-1
3434
-1
-1
755
-1
9701
-1
-1
-1
3913
3562
1064
-1
9952
-1
7436
9109
78
-1
-1
613
-1
-1
-1
9096
-1
8002
2483
1881
8403
3310
-1
2917
-1
-1
3872
5667
-1
-1
2624
2970
4637
3892
6175
9968
9882
-1
-1
4340
1594
-1
-1
-1
-1
-1
-1
8706
-1
5654
-1
-1
6609
-1
2681
4988
-1
-1
-1
4840
3505
-1
-1
3130
-1
-1
-1
-1
4222
738
-1
-1
1572
3203
-1
-1
7087
5459
3766
3611
4514
-1
3430
6715
6265
9682
-1
3855
-1
7055
1615
-1
7681
3394
-1
927
6982
1459
-1
4508
2438
-1
6124
8617
-1
-1
4351
112
3764
569
5020
1645
-1
129
-1
-1
5851
-1
8839
5819
8678
9844
4557
-1
-1
331
6734
6610
-1
-1
-1
-1
-1
4243
7895
-1
1425
-1
6352
8685
-1
-1
-1
5873
-1
1221
-1
3302
-1
-1
3224
4305
-1
4453
908
-1
-1
-1
6988
-1
6376
-1
-1
-1
8597
3739
519
-1
9032
-1
5825
246
3142
7522
4262
2326
-1
-1
4913
-1
7081
9521
-1
5782
-1
-1
-1
4956
1557
5061
-1
-1
5534
6665
7449
7095
-1
3746
5074
-1
308
-1
1109
-1
2775
-1
8383
7366
-1
-1
9027
7534
7570
8693
-1
6099
4579
86
6968
-1
-1
7602
-1
-1
7389
4705
3987
-1
-1
2592
-1
1219
6541
2406
-1
5091
8476
3742
-1
1325
899
4242
3504
-1
-1
-1
2738
-1
3371
4250
-1
-1
3936
-1
-1
2158
4470
3897
-1
-1
5549
-1
8750
2109
-1
2520
33
-1
5322
7966
3786
-1
3068
6915
-1
-1
5510
-1
7803
2856
9405
-1
3020
-1
-1
1088
-1
7110
1068
8916
-1
7523
9091
-1
7438
-1
-1
-1
2105
5309
2161
2725
-1
-1
-1
6834
-1
-1
-1
5248
7837
665
553
-1
-1
9471
8111
8364
9199
5784
-1
-1
-1
1547
2668
-1
-1
-1
8072
-1
-1
-1
8877
3938
6904
-1
-1
1027
5502
-1
-1
-1
-1
-1
7917
363
-1
-1
-1
-1
-1
8153
-1
1573
-1
-1
9464
4519
9830
-1
-1
-1
-1
5284
-1
-1
-1
-1
-1
-1
-1
-1
5481
-1
-1
7757
-1
9899
-1
6134
2127
-1
-1
2213
2604
8863
-1
-1
-1
4421
-1
8455
4285
-1
-1
-1
9934
-1
8238
1849
-1
-1
6230
-1
-1
826
703
-1
9654
7548
3188
-1
-1
6182
2900
294
-1
3643
1386
-1
-1
-1
-1
8520
2583
-1
774
1895
5134
8026
-1
138
-1
-1
-1
-1
4889
7396
-1
7683
-1
-1
-1
-1
-1
-1
9474
5599
7518
-1
1314
1887
6562
-1
-1
1082
2934
7773
8642
978
-1
4356
-1
-1
-1
7448
-1
3304
-1
-1
3376
3296
7929
-1
-1
6243
-1
-1
8253
-1
690
-1
-1
1846
3579
-1
6319
-1
3091
9785
-1
-1
1617
-1
9674
6050
-1
-1
8391
2734
9758
-1
-1
122
-1
-1
-1
6453
2052
-1
-1
586
9245
-1
-1
-1
5856
-1
-1
-1
-1
5748
-1
-1
4118
-1
2485
7682
1747
6710
-1
3906
6471
8402
8130
-1
-1
-1
2904
2723
7862
9977
6014
-1
-1
-1
8421
3958
4656
-1
8638
1146
-1
8818
-1
3452
-1
-1
3387
-1
3180
-1
1564
9488
-1
3064
-1
-1
-1
7977
7674
9179
4162
-1
-1
5376
9523
7636
-1
-1
-1
-1
-1
7276
-1
-1
6537
1199
-1
6996
-1
8970
-1
-1
8567
-1
8702
-1
-1
-1
9248
-1
-1
-1
9111
1631
-1
-1
-1
8162
3782
-1
-1
-1
-1
9525
-1
96
-1
-1
6264
4811
9180
-1
-1
-1
1380
7036
1417
8108
3756
-1
5488
-1
2309
-1
-1
-1
-1
-1
-1
-1
-1
7125
-1
-1
8633
5797
-1
-1
7848
-1
9021
-1
6522
6912
1688
-1
4822
4729
5774
159
1060
8856
-1
-1
-1
8375
-1
1791
-1
-1
5064
-1
3338
-1
-1
-1
-1
8549
-1
6526
5677
1786
-1
-1
3024
5739
8527
-1
-1
2426
3070
-1
-1
1154
9065
-1
-1
-1
-1
1697
2540
3289
577
-1
-1
2977
-1
3163
8689
6581
-1
8937
-1
2577
-1
5541
2474
-1
-1
5127
-1
-1
-1
-1
5207
4229
71
3107
-1
394
-1
1558
904
7545
-1
-1
-1
2149
-1
-1
-1
6081
-1
4916
-1
-1
-1
-1
3721
-1
4479
5236
8075
-1
-1
-1
-1
8507
6310
-1
3010
-1
-1
-1
4704
-1
9645
37
-1
-1
999
1677
6555
7808
-1
3976
-1
6019
-1
-1
-1
-1
-1
2763
882
2207
-1
-1
2399
-1
2631
4850
-1
9472
-1
3864
-1
-1
-1
3671
-1
6725
7322
9635
2286
-1
-1
-1
-1
6351
3266
-1
-1
-1
-1
-1
-1
7490
1712
7479
-1
8648
7890
7932
8587
1507
-1
-1
-1
6714
-1
-1
-1
-1
7564
-1
1592
-1
5809
-1
7079
-1
-1
-1
3007
-1
-1
1400
-1
3526
2102
-1
9119
-1
-1
-1
313
3158
2077
-1
-1
-1
1566
-1
2197
5827
-1
1117
6304
-1
-1
-1
7737
4509
-1
-1
-1
1972
-1
-1
-1
8032
-1
-1
-1
4047
-1
5320
3490
-1
1187
7576
-1
6837
8013
-1
3222
3008
-1
3221
-1
-1
-1
4497
-1
6587
-1
-1
-1
5949
-1
-1
-1
1006
-1
-1
-1
-1
9198
-1
-1
-1
3073
1324
8606
9066
-1
-1
-1
618
7347
-1
1265
528
-1
7437
5908
2063
9042
-1
-1
-1
8729
7207
-1
1746
7443
-1
-1
5576
-1
-1
-1
5387
3350
9330
-1
-1
-1
-1
407
-1
9513
5934
-1
8806
7791
3783
-1
851
-1
7880
-1
-1
3022
9599
-1
-1
7894
1359
7632
-1
1387
3974
-1
1885
2857
6955
6627
-1
7559
3689
7899
-1
-1
-1
2487
7708
-1
6532
7375
7606
5602
1211
1999
4264
3444
-1
-1
5497
-1
-1
-1
-1
-1
-1
-1
5210
2000
-1
2766
9653
7968
-1
-1
4219
4770
9577
-1
9219
3868
6644
-1
5181
-1
-1
-1
4486
3819
-1
4491
1155
4640
-1
-1
-1
-1
-1
643
1159
8840
8118
-1
249
9030
-1
-1
-1
-1
-1
8276
-1
-1
590
-1
9724
8741
8135
1379
2627
-1
6389
-1
5492
-1
8542
-1
6463
6847
-1
-1
7228
1634
-1
1597
-1
-1
4991
4228
6369
-1
-1
-1
8456
4522
6708
2280
-1
7174
-1
-1
-1
-1
5943
1651
-1
-1
1638
9802
-1
-1
-1
-1
3461
3313
-1
-1
-1
9391
-1
4558
-1
-1
4208
-1
-1
-1
373
-1
-1
-1
-1
-1
9581
-1
-1
9479
947
7696
-1
-1
-1
5533
-1
9192
-1
-1
9094
8049
-1
7687
-1
3835
5600
4088
-1
-1
-1
5197
-1
5876
-1
8868
4971
-1
-1
-1
9127
-1
-1
-1
9736
-1
8799
-1
3115
-1
4801
2340
168
-1
-1
-1
167
-1
-1
9135
-1
1779
-1
-1
-1
5733
-1
-1
-1
-1
3956
3062
-1
-1
-1
5644
-1
2997
5883
5062
-1
5674
8076
-1
6995
3170
-1
7318
674
-1
2796
9167
4104
5882
-1
7583
1568
4893
-1
-1
9711
393
9069
-1
-1
-1
714
-1
-1
9767
-1
2975
-1
6721
-1
-1
-1
8713
-1
1583
-1
-1
-1
-1
9260
-1
-1
6365
874
-1
-1
9322
-1
5131
-1
1767
-1
1907
-1
7521
4428
362
-1
-1
3274
-1
7939
-1
-1
5670
-1
270
-1
-1
-1
-1
-1
1342
-1
-1
5049
-1
2062
-1
-1
2349
-1
8046
6924
7454
1344
-1
-1
2535
1579
-1
-1
2159
-1
-1
9453
1802
6788
5578
6461
-1
-1
5192
3607
4672
-1
5392
3574
8716
-1
2635
8201
7999
5572
2261
-1
-1
-1
7962
-1
-1
-1
6126
2665
-1
-1
3355
-1
-1
3930
9305
8574
-1
-1
1862
-1
-1
1596
3712
-1
5021
4880
-1
-1
-1
720
5506
-1
9504
4737
-1
-1
2025
3484
-1
3871
-1
3004
-1
-1
-1
-1
-1
547
-1
-1
-1
1259
8988
-1
-1
-1
-1
1587
7177
-1
-1
9867
-1
-1
3760
-1
-1
2789
6943
9105
1483
-1
4545
-1
-1
4733
-1
2060
5302
9932
3147
-1
438
9773
-1
9447
-1
3345
2343
-1
-1
-1
6398
940
-1
-1
-1
9187
-1
1719
-1
-1
-1
6344
-1
9778
1624
9651
2278
3609
-1
150
-1
-1
2993
105
-1
-1
-1
949
-1
-1
-1
-1
8551
1728
2403
8813
-1
-1
6201
-1
7007
2880
5772
8140
5503
-1
6809
-1
9401
-1
103
-1
8761
1430
-1
7134
3071
-1
-1
2416
1332
2882
-1
8774
-1
9380
-1
-1
5200
6523
-1
-1
9921
4035
5292
8077
9664
-1
9161
-1
5633
713
7849
4966
1847
8101
-1
640
-1
7420
-1
3239
-1
7440
9429
-1
2559
8171
-1
8874
-1
710
4703
8660
-1
-1
4805
-1
-1
-1
5848
6616
9915
9688
342
5568
684
-1
-1
3571
-1
5341
-1
1868
4808
1307
2916
1496
4892
8545
7155
6825
9424
2967
1986
2353
4039
5443
6199
4184
-1
212
2527
8005
1469
2729
4593
-1
-1
-1
-1
9828
-1
-1
-1
2632
4989
-1
-1
6939
-1
894
-1
-1
-1
8809
-1
6611
7073
6207
5317
-1
6454
-1
759
-1
2151
-1
1815
-1
-1
3116
807
-1
-1
-1
5954
-1
8902
-1
-1
-1
-1
-1
-1
-1
4105
-1
-1
-1
-1
635
2386
5666
8052
6474
9426
-1
-1
-1
6191
-1
-1
7724
-1
-1
-1
-1
9890
-1
5139
-1
6402
6142
-1
-1
-1
-1
-1
-1
8185
-1
404
-1
5886
-1
1737
-1
-1
-1
1336
7643
-1
-1
-1
-1
-1
-1
-1
141
3448
-1
-1
9993
9751
5173
47
-1
3694
4853
-1
7778
1686
6260
3612
1865
2731
7335
-1
1967
-1
-1
-1
8182
589
8090
-1
2223
649
1945
4748
368
6856
-1
3981
2752
-1
-1
4336
-1
-1
9243
-1
3470
-1
-1
-1
5356
3836
-1
2303
-1
7673
-1
6981
-1
-1
3069
-1
1395
3081
2367
-1
1878
-1
-1
-1
-1
-1
704
1536
4454
-1
-1
-1
-1
7667
7186
8882
4698
-1
-1
6033
-1
-1
-1
-1
-1
-1
9137
-1
-1
7290
-1
7112
1618
7959
-1
-1
5249
2408
-1
-1
-1
6634
1780
-1
7788
3542
3750
-1
-1
4412
-1
539
7466
4836
6855
-1
376
-1
5648
4273
-1
-1
-1
2179
-1
6869
2957
1434
5172
1066
-1
-1
1912
8992
-1
-1
-1
-1
-1
-1
5025
-1
5347
3323
-1
4015
6438
-1
-1
8605
-1
-1
-1
-1
-1
9449
4551
2828
-1
6429
-1
-1
-1
4362
-1
-1
-1
1080
917
3781
244
6960
-1
-1
9145
4887
-1
341
7077
-1
-1
-1
-1
9122
-1
-1
-1
-1
-1
4713
-1
-1
-1
-1
-1
1133
-1
2982
1814
6536
-1
-1
-1
-1
3391
-1
6420
2460
6640
-1
1316
-1
-1
7913
5133
-1
-1
-1
6519
-1
-1
-1
-1
-1
-1
-1
-1
-1
3922
-1
-1
3900
4065
3840
-1
-1
-1
-1
2423
8328
-1
1796
-1
-1
-1
2432
2793
-1
9784
5152
-1
5698
753
-1
-1
-1
8261
6567
-1
3263
5280
2398
6895
5676
2765
-1
-1
2899
6859
3327
-1
-1
-1
-1
7233
5142
-1
-1
-1
-1
4559
6172
-1
7942
8812
-1
-1
2949
-1
7450
4220
-1
5099
6990
-1
972
9535
-1
-1
-1
7321
-1
-1
1626
-1
924
-1
-1
2858
-1
-1
6088
-1
-1
-1
-1
1759
3693
-1
-1
-1
-1
8288
252
-1
-1
6156
7353
-1
6426
8610
4115
-1
9098
-1
3738
-1
-1
-1
-1
2999
-1
7618
-1
7824
4096
-1
4960
-1
6633
5721
1795
6028
3561
1900
-1
-1
-1
5464
-1
653
-1
-1
1761
-1
251
1464
1498
-1
7764
-1
-1
3034
7320
3513
1161
2085
-1
6383
3340
3939
6030
-1
-1
3732
-1
8084
3173
-1
4181
3862
5879
4649
469
6185
1435
2595
6549
-1
4609
-1
-1
-1
6406
7149
5390
527
9268
-1
271
8493
8707
-1
7092
-1
2139
9320
5490
-1
8174
933
-1
8996
-1
5053
4012
2687
4951
8
-1
2845
9006
-1
-1
-1
2533
6730
-1
-1
-1
-1
-1
-1
754
6008
-1
-1
6766
243
-1
-1
5669
6815
6289
-1
-1
-1
4629
8805
7921
641
2598
6712
-1
-1
-1
-1
1101
617
4147
-1
-1
-1
-1
8322
1514
6636
4382
-1
681
-1
8621
8528
9266
1257
402
5500
7106
-1
3849
7016
-1
5130
1506
-1
8885
5439
-1
-1
3660
9650
4868
-1
2566
-1
403
-1
2642
8461
-1
173
8746
2804
-1
4092
-1
3047
9587
3179
-1
2806
-1
-1
-1
4632
53
2942
-1
3800
-1
7897
-1
6552
-1
2279
-1
7453
229
-1
-1
5129
8538
-1
-1
3957
-1
8255
-1
2846
9481
3603
-1
2541
-1
2452
7974
428
7180
9085
4923
8214
-1
9073
-1
6850
1326
2924
-1
-1
-1
-1
1627
-1
1883
95
-1
4223
-1
-1
2761
1953
2184
7085
-1
9247
7398
-1
-1
-1
-1
-1
4312
-1
-1
-1
1431
4388
582
-1
-1
-1
-1
-1
-1
7698
-1
-1
234
1552
6933
-1
4663
-1
8228
-1
-1
4938
5525
-1
-1
-1
-1
4871
7273
4996
7494
-1
-1
-1
-1
3898
3369
-1
-1
-1
-1
4338
8708
4554
-1
-1
-1
-1
-1
3364
1286
-1
7220
4867
4417
1588
6038
-1
8989
-1
-1
485
-1
-1
-1
-1
7507
6295
5991
-1
-1
-1
8033
9046
-1
6600
-1
3136
-1
6205
9746
-1
1798
7627
-1
2264
5569
-1
-1
-1
-1
-1
3193
1689
-1
8653
5893
3273
2103
1725
-1
-1
9791
-1
-1
-1
-1
7333
8990
5741
-1
4281
-1
5699
8789
5316
-1
-1
3129
5757
3029
-1
-1
-1
-1
-1
-1
5932
4759
3295
-1
-1
8482
-1
-1
-1
1500
-1
-1
5740
-1
9081
-1
-1
-1
4762
8114
-1
-1
-1
4596
6400
158
-1
-1
-1
-1
-1
1926
7255
8825
3520
9716
-1
1317
-1
-1
3472
2175
-1
-1
-1
-1
-1
-1
-1
2697
-1
5668
-1
8273
1830
7168
6700
-1
-1
3570
-1
-1
-1
8242
3358
-1
-1
-1
8078
-1
-1
-1
-1
8879
1828
-1
3525
7323
-1
-1
-1
-1
7846
-1
-1
1407
-1
-1
8189
-1
1304
-1
186
6231
-1
1816
2578
-1
9594
1722
4515
-1
2111
-1
-1
7374
-1
-1
-1
-1
7015
4716
5984
-1
-1
-1
9729
2436
2786
7336
1238
2259
-1
-1
9185
-1
-1
6737
2455
-1
-1
2979
-1
-1
-1
-1
-1
-1
6433
1863
-1
-1
5421
8675
2451
-1
6624
3857
2135
-1
-1
-1
7552
-1
9269
-1
-1
-1
8744
-1
3699
1365
-1
9360
-1
-1
5399
-1
3096
-1
8899
2850
9297
9743
1432
-1
9507
-1
2358
-1
6384
4948
-1
2516
-1
2189
-1
1237
-1
5866
8315
9520
9648
-1
-1
-1
151
2953
-1
-1
-1
1736
-1
-1
-1
7041
2030
1311
6114
4136
9833
4306
-1
-1
3359
-1
5286
9715
8615
-1
-1
-1
-1
-1
5442
-1
8797
3948
-1
1251
1015
-1
8411
-1
9718
1396
9370
-1
-1
5042
-1
-1
-1
-1
-1
-1
-1
9942
-1
2431
8862
1920
2190
-1
-1
802
2108
-1
7984
7497
606
-1
6932
-1
-1
-1
-1
-1
2029
-1
9631
1867
-1
7324
5013
9276
-1
8465
-1
5732
4969
2548
7444
-1
7831
-1
-1
1922
-1
7298
6299
6296
-1
2475
-1
-1
4267
-1
3127
-1
-1
-1
4582
-1
9329
3557
-1
-1
-1
7063
-1
-1
7038
7857
5514
9436
737
-1
-1
4425
-1
-1
-1
-1
1167
-1
-1
6348
8845
-1
8579
-1
779
3247
-1
-1
9395
-1
1147
-1
8950
-1
-1
8608
-1
-1
-1
601
-1
5425
7900
-1
-1
8976
9404
-1
2930
-1
4061
3220
4480
4761
9188
-1
-1
9855
7113
-1
4702
-1
3349
-1
3845
5607
-1
391
-1
-1
5548
1305
4961
4639
8663
1699
6949
-1
4740
6991
9534
-1
-1
5325
-1
7951
-1
-1
-1
-1
-1
-1
-1
317
4446
-1
5738
-1
4442
3714
-1
-1
-1
7753
-1
-1
9550
-1
8128
-1
1556
-1
-1
-1
6459
-1
2289
9007
-1
-1
2685
9640
8304
9683
-1
-1
-1
3904
-1
-1
832
-1
262
-1
3001
-1
-1
8393
1052
-1
-1
6637
5298
6914
-1
6198
4291
-1
4778
-1
3108
3006
7147
3657
7470
4613
-1
-1
4465
7151
169
-1
2661
-1
-1
-1
-1
2576
9990
-1
5598
-1
-1
-1
853
-1
-1
6626
9989
4217
-1
38
7721
7763
-1
4827
-1
-1
-1
7332
6128
-1
-1
-1
-1
-1
-1
157
-1
-1
-1
2871
9876
1924
4992
3667
2639
-1
-1
-1
8748
2688
-1
5150
-1
-1
9700
-1
-1
-1
4541
-1
2222
3458
-1
-1
1696
5244
2153
-1
5031
9839
-1
7062
8514
3516
6412
3463
152
4720
2342
-1
-1
-1
9367
-1
-1
-1
-1
-1
914
6413
-1
-1
-1
-1
3711
-1
9337
3700
9170
-1
4752
8891
503
4485
5505
-1
6913
2232
-1
-1
-1
8105
-1
4689
-1
2984
5128
5135
9121
3286
-1
-1
-1
5919
1285
9602
-1
-1
-1
4022
-1
-1
-1
6726
2807
375
3457
8971
-1
5003
4341
966
-1
-1
-1
9454
-1
4644
-1
321
1805
-1
2821
-1
-1
-1
-1
-1
7327
-1
3146
-1
-1
5255
7882
-1
8513
-1
6569
-1
-1
-1
-1
-1
-1
-1
-1
-1
2073
-1
-1
-1
5468
48
3515
2378
-1
1352
-1
1418
6615
-1
1822
9548
3275
5690
5196
-1
-1
6163
9456
7217
-1
-1
6098
-1
8999
-1
-1
-1
-1
8048
-1
8291
-1
-1
-1
-1
6177
-1
-1
5501
1923
4469
-1
646
-1
-1
1416
-1
-1
-1
9825
-1
6125
6605
-1
1058
5684
5588
-1
-1
2883
1992
-1
333
9298
334
-1
7847
4007
6840
6021
-1
-1
-1
2557
-1
1949
-1
5118
-1
1438
-1
2991
-1
2905
-1
8193
-1
-1
5922
-1
5160
9566
300
-1
-1
-1
1687
-1
-1
5820
-1
-1
3816
-1
-1
3858
7432
6976
-1
3531
-1
-1
9981
-1
-1
8791
-1
629
-1
-1
2994
4712
4168
2057
-1
-1
1787
5081
-1
3199
-1
-1
3298
-1
-1
-1
-1
6379
6245
1230
-1
9976
4110
-1
8548
-1
-1
-1
1744
8724
-1
7154
-1
5881
-1
3769
-1
4347
-1
9870
2231
1061
6757
-1
-1
8099
9873
7718
6740
1674
5933
-1
5457
9475
-1
931
-1
-1
2272
8575
-1
3054
2468
-1
5132
-1
9062
5753
-1
3759
7705
-1
-1
-1
-1
-1
-1
-1
4804
9769
-1
-1
-1
-1
7380
328
-1
-1
-1
7809
-1
3916
9088
9138
-1
9744
-1
4474
-1
2336
4529
1189
-1
-1
-1
-1
8569
3680
7418
821
-1
-1
4769
-1
-1
-1
196
9058
906
-1
7090
4909
-1
-1
1609
7064
1857
-1
-1
691
-1
-1
8785
-1
-1
2324
224
-1
-1
3368
-1
-1
4863
337
-1
-1
3952
-1
787
7716
6701
3788
8413
-1
-1
7241
9129
-1
7920
3822
-1
-1
794
-1
-1
8701
-1
-1
9938
-1
6786
-1
5084
2538
6686
3272
2768
-1
5380
5535
-1
289
-1
-1
1299
1067
-1
7209
3406
-1
-1
-1
7286
2169
-1
6548
-1
7748
-1
8837
348
-1
9217
4019
4725
-1
4534
-1
7124
-1
-1
1934
-1
6878
9712
9817
-1
6630
-1
-1
6487
-1
-1
-1
3485
6390
-1
-1
806
176
-1
-1
696
-1
-1
-1
-1
8349
2720
-1
9858
-1
-1
8122
-1
921
1466
-1
1374
-1
1959
-1
4113
8166
7403
-1
9898
-1
-1
-1
-1
-1
-1
-1
-1
1877
8425
5994
-1
1960
3257
3899
9881
8342
6333
3411
6387
7311
7983
9604
9987
8639
8829
-1
4002
4455
7167
-1
-1
8442
5812
8886
4774
-1
-1
-1
666
4438
-1
7237
-1
-1
-1
9927
4828
709
7599
7232
9103
-1
-1
7937
-1
3443
1563
8419
-1
3432
-1
87
-1
-1
9741
-1
5165
-1
-1
5508
4230
-1
-1
-1
2255
7040
8961
-1
-1
785
6948
9207
3216
9672
170
-1
-1
-1
7807
6499
8376
8802
2186
8667
4180
-1
5725
-1
-1
-1
-1
9754
-1
8389
-1
3644
-1
9353
-1
-1
-1
7128
1264
9463
-1
-1
4172
-1
-1
5589
-1
-1
164
1223
-1
4866
-1
-1
8354
-1
-1
4894
5178
9418
-1
2757
-1
184
2215
8028
-1
-1
-1
3600
-1
-1
5117
3548
-1
5807
9684
-1
5209
-1
-1
2936
1582
5114
-1
-1
3889
2466
2172
-1
9356
6580
5517
-1
775
-1
8197
9415
8995
-1
3309
4585
6598
-1
5837
-1
2363
5326
-1
2989
-1
2901
223
8338
7767
3065
-1
9124
-1
4109
228
5159
5798
3813
-1
8310
5625
-1
7957
3253
4941
-1
-1
4964
5590
-1
2898
1118
2024
5314
-1
-1
-1
-1
3887
1741
-1
8905
-1
-1
-1
-1
8627
-1
7865
1718
-1
-1
-1
-1
4556
6415
-1
-1
7881
-1
-1
-1
-1
-1
2658
856
-1
-1
-1
-1
8480
-1
-1
9384
-1
5327
-1
8119
-1
3344
-1
-1
7378
2564
3148
7600
1254
4902
286
-1
-1
2974
-1
-1
2659
-1
-1
-1
5432
-1
-1
-1
-1
-1
-1
-1
945
3426
-1
6691
3172
-1
-1
1157
5482
-1
-1
7082
202
-1
-1
3798
-1
5349
-1
5783
3966
9319
4696
-1
8460
-1
-1
5989
6804
7987
-1
-1
-1
-1
7580
1278
9707
-1
-1
4856
-1
-1
-1
-1
-1
2393
-1
8665
5344
-1
-1
-1
9965
266
1308
9807
7563
-1
4374
4211
-1
233
9468
9863
-1
-1
9107
7504
-1
-1
-1
-1
-1
-1
1630
-1
-1
-1
3480
9812
-1
-1
2059
-1
2238
-1
7341
-1
2732
-1
2012
6443
2049
-1
4202
1839
5261
-1
9434
-1
-1
-1
-1
-1
-1
2351
7707
-1
-1
-1
-1
9753
4020
7875
3325
-1
-1
-1
3566
-1
725
-1
-1
-1
-1
9771
-1
-1
-1
-1
5865
-1
9570
4870
-1
349
-1
-1
-1
9195
7210
-1
-1
-1
-1
610
-1
8711
-1
-1
-1
-1
-1
8150
-1
9003
-1
-1
8674
9061
-1
9301
-1
5177
9673
626
837
1515
-1
1504
2866
8121
8742
3469
-1
5840
-1
-1
-1
-1
-1
-1
8743
-1
472
9375
-1
9437
-1
-1
3647
-1
2648
-1
463
2131
-1
-1
9538
4300
-1
1569
1653
-1
-1
8283
-1
6564
-1
2176
3471
-1
-1
-1
-1
4152
6512
-1
5462
5758
4155
8431
-1
-1
-1
-1
-1
-1
3919
4444
-1
824
6077
5778
8737
4337
-1
1517
-1
-1
-1
695
-1
-1
9762
2099
4627
-1
-1
395
-1
5452
-1
563
1940
748
6127
1366
-1
-1
535
3067
4419
-1
3655
4053
1163
-1
1553
-1
-1
-1
6875
-1
-1
-1
7830
-1
-1
-1
5788
6119
-1
9106
-1
3828
8023
-1
-1
896
-1
3681
-1
-1
8559
1262
5189
-1
6202
2491
-1
-1
2771
-1
3833
4266
-1
6531
9386
-1
2357
-1
-1
432
875
-1
-1
8733
-1
-1
2133
5950
-1
2039
-1
1158
6984
-1
-1
-1
-1
-1
671
5906
-1
1927
-1
4606
6147
-1
4605
3244
1126
-1
